% [cos(pi/4) -sin(pi/4); sin(pi/4) cos(pi/4)]*[-0.0002 -0.0043]
 a = [0.0098    0.0098    0.0098    0.0098    0.0098    0.0098    0.0098    0.0098    0.0098;
   -0.0026   -0.0026   -0.0026   -0.0026   -0.0026   -0.0026   -0.0026   -0.0026   -0.0026]
 [cos(-pi/4) -sin(-pi/4); sin(-pi/4) cos(-pi/4)]*a